25 features

0-spos
1-wpos
2-sneu
3-wneu
4-sneg
5-wneg
6-pos
7-neg
8-negation
9-len
10-day
11-vote
12-posWordNet
13-negWordNet
14-character_count
15-uppercase_count
16-lowercase_count
17-punctuation_count
18-alphabetic_count
19-numeric_count
20-1star
21-2star
22-3star
23-4star
24-5star

[0, 1, 2, 3, 4, 5, 8]
[0, 1, 2, 3, 4, 5, 8, 9, 10, 11]
[0, 1, 2, 3, 4, 5, 8, 14, 15, 16, 17, 18, 19]
[0, 1, 2, 3, 4, 5, 8, 9, 10, 11, 14, 15, 16, 17, 18, 19]

[6, 7, 8]
[6, 7, 8, 9, 10, 11]
[6, 7, 8, 14, 15, 16, 17, 18, 19]
[6, 7, 8, 9, 10, 11, 14, 15, 16, 17, 18, 19]

[12, 13, 8]
[12, 13, 8, 9, 10, 11]
[12, 13, 8, 14, 15, 16, 17, 18, 19]
[12, 13, 8, 9, 10, 11, 14, 15, 16, 17, 18, 19]

[20, 21, 22, 23, 24]
[20, 21, 22, 23, 24, 9, 10, 11]
[20, 21, 22, 23, 24, 14, 15, 16, 17, 18, 19]

[9, 10, 11, 14, 15, 16, 17, 18, 19]

